475

102 115 19
721 304 35
747 251 37
249 94 38
534 245 40
399 182 41
697 161 41
97 220 42
494 159 25
139 93 42
416 298 42
682 348 43
53 13 44
481 267 44
231 206 28
251 168 44
298 12 37
39 110 45
484 208 45
771 214 46
29 357 46
766 286 28
242 4 47
66 130 40
377 307 47
703 74 47
319 276 34
364 50 34
292 203 48
80 270 48
794 201 48
619 16 48
408 207 49
56 259 45
414 30 50
318 352 44
114 58 40
339 0 51
659 149 52
252 228 52
695 335 52
566 91 33
715 80 32
98 341 41
243 88 53
309 255 53
605 43 53
220 180 54
207 86 54
547 113 54
132 63 55
526 204 55
361 330 49
343 112 46
306 119 53
462 178 55
420 326 54
600 351 31
597 196 56
99 89 56
218 344 56
515 24 56
228 218 56
584 287 57
425 162 57
42 122 57
739 174 58
774 253 59
761 170 59
720 152 37
623 349 60
280 41 60
728 34 60
230 148 21
789 90 61
748 31 61
796 226 44
684 227 62
303 10 61
146 225 58
647 163 55
273 237 54
592 229 65
621 96 65
138 8 60
730 139 49
171 302 62
20 11 66
430 333 66
482 39 58
439 353 67
112 281 67
81 26 59
368 81 68
594 190 48
582 343 69
431 358 57
191 319 70
69 324 39
55 145 55
376 128 72
389 76 72
185 165 72
43 157 73
8 14 73
152 117 73
250 194 74
532 234 74
658 147 75
293 223 52
472 46 75
511 280 75
477 35 49
388 294 65
649 211 52
95 332 74
142 359 77
440 323 48
403 342 78
82 239 78
755 57 69
636 331 51
627 146 76
638 37 80
760 321 80
333 320 53
644 3 51
91 187 82
115 183 52
417 274 82
141 185 82
23 356 60
513 5 83
104 73 83
401 36 84
470 328 75
125 62 44
204 132 75
798 56 83
131 184 77
366 78 85
320 303 76
642 355 76
544 27 68
788 202 87
664 197 82
586 138 51
757 135 87
685 200 89
784 108 64
11 345 89
717 137 78
662 136 48
344 125 74
780 242 91
593 22 79
294 291 69
630 15 92
117 79 93
308 87 58
769 21 74
580 99 94
588 261 74
83 129 94
346 313 72
575 271 43
436 188 84
625 158 93
751 28 80
604 278 96
338 64 96
434 283 71
52 186 97
503 213 97
560 354 74
238 127 61
521 97 70
124 189 57
200 82 100
224 45 99
776 241 101
444 308 101
542 92 101
759 106 75
135 247 102
143 171 88
205 48 103
32 339 87
239 133 104
442 29 105
259 25 87
147 69 75
634 231 65
304 104 108
675 49 97
326 312 104
660 221 110
492 292 110
735 256 110
378 192 112
637 346 112
316 47 109
767 179 110
375 40 113
483 264 102
775 282 114
245 262 115
631 265 113
120 60 64
506 102 89
687 350 80
504 100 106
253 121 118
100 44 114
113 120 119
608 222 113
85 1 71
345 32 83
476 71 95
40 198 121
404 134 122
622 299 123
19 273 101
502 72 123
88 318 94
512 327 125
51 199 120
700 83 122
130 334 130
206 126 98
736 42 131
302 340 131
210 289 103
178 266 132
707 154 115
108 305 132
248 98 116
240 84 95
579 66 139
44 107 139
632 118 140
424 233 142
312 131 142
269 17 124
561 75 146
665 38 131
618 173 135
183 9 149
337 217 149
336 85 123
661 240 150
195 7 122
380 252 154
151 230 128
349 258 163
126 109 129
620 316 166
465 254 154
519 156 152
58 297 160
773 101 168
287 67 167
449 260 165
127 310 118
258 20 179
105 246 155
754 54 202
686 164 157
710 19 190
45 322 226
14 275 244
16 216 245
121 329 275
102 101 248 2
148 149 155 22
325 323 293 12
589 587 209 30
494 495 295 17
231 232 224 16
298 607 18 4
298 297 300 4
766 765 285 18
66 65 193 2
319 752 314 13
566 241 51 20
715 716 290 21
98 607 18 12
309 307 306 23
361 362 23 3
343 323 293 9
306 307 306 2
600 601 243 25
230 232 224 40
146 678 337 1
146 145 250 4
647 646 296 9
273 274 257 10
730 729 236 16
594 596 95 20
69 68 33 19
55 54 160 17
658 657 172 6
293 296 176 15
293 295 347 8
477 729 236 9
477 473 238 26
388 387 338 4
649 650 52 24
95 96 166 2
644 643 124 30
115 116 153 30
23 22 141 22
125 128 215 40
204 469 311 10
642 241 51 10
664 256 151 5
784 654 140 25
717 577 150 6
717 716 290 1
662 96 166 7
662 232 224 35
593 596 95 12
294 296 176 5
294 295 347 18
769 295 347 4
769 46 325 11
588 538 105 3
588 587 209 8
575 577 150 22
625 624 268 2
751 571 232 16
434 435 167 25
560 558 142 11
238 540 235 10
521 522 116 10
124 128 215 43
759 557 205 19
143 145 250 14
143 144 103 19
32 30 111 17
259 256 151 18
147 145 250 6
147 144 103 6
634 232 224 43
326 327 2 6
316 488 210 3
767 295 347 3
120 50 175 3
120 447 219 35
120 119 114 13
506 369 191 28
687 689 144 26
608 607 18 6
85 447 219 44
345 37 65 27
19 232 224 22
51 50 175 9
210 299 169 29
707 708 6 17
108 107 288 14
248 460 61 18
240 159 55 37
312 311 68 1
269 387 338 21
665 557 205 16
336 96 166 27
195 197 317 30
126 128 215 34
465 22 141 12
519 518 181 9
127 732 59 18
127 128 215 45
105 311 68 32
686 447 219 50
325 693 729 236 1
325 324 323 293 17
352 359 447 219 24
589 590 101 248 7
66 64 65 193 5
56 5 54 160 5
318 315 327 2 6
114 74 202 309 11
361 698 362 23 1
361 360 362 23 2
420 184 709 177 1
720 778 781 244 4
720 719 558 142 19
796 795 448 77 17
138 172 173 263 5
171 310 488 210 4
482 340 522 116 8
482 480 469 311 1
81 217 276 143 9
431 432 256 151 13
69 475 473 238 9
440 34 35 269 29
755 741 764 272 9
636 541 540 235 12
636 635 209 301 9
636 635 101 248 7
627 75 488 210 4
470 72 101 248 8
798 795 448 77 2
131 626 624 268 8
320 454 68 33 10
544 545 202 309 19
586 554 211 315 14
344 691 706 70 12
308 264 311 68 3
588 590 101 248 9
346 692 709 177 5
346 692 722 279 18
575 553 571 232 7
436 656 655 277 11
560 550 488 210 12
238 235 496 123 26
483 480 469 311 11
631 680 678 337 2
504 578 50 175 12
100 615 571 232 4
345 37 38 212 10
476 468 469 311 10
88 261 409 249 18
88 261 276 143 12
700 698 362 23 8
206 779 781 244 18
240 103 68 33 6
618 77 781 244 5
151 163 209 301 19
58 613 35 269 8
287 778 781 244 4
258 74 202 309 2
710 711 709 177 8
251 683 459 538 105 2
251 169 167 233 336 1
364 164 167 233 336 14
318 314 680 678 337 3
715 714 692 722 279 5
303 539 541 540 235 2
69 384 0 10 284 3
69 475 473 276 143 5
388 745 67 65 193 7
333 268 341 342 195 6
333 268 267 369 191 9
333 268 265 232 224 13
470 72 74 202 309 1
586 554 551 447 219 22
717 2 569 54 160 5
308 264 261 276 143 9
769 46 48 38 212 4
575 553 570 568 53 23
759 478 679 678 337 7
687 134 550 488 210 11
113 740 450 460 61 11
476 742 187 128 215 14
476 742 559 558 142 2
206 779 341 342 195 14
618 610 679 678 337 9
151 163 341 342 195 8
519 517 516 518 181 6
449 745 67 65 193 13
105 554 551 447 219 1
710 539 541 540 235 11
45 455 459 538 105 2
45 455 453 496 123 4
352 359 617 525 297 300 6
352 359 356 0 10 284 2
318 314 680 681 678 337 4
521 611 614 656 655 277 17
521 611 614 656 654 140 2
224 78 76 74 202 309 1
675 670 266 609 274 257 9
675 670 266 609 607 18 2
85 84 86 48 38 212 4
45 455 459 549 709 177 4
